100,157007,1,0,0
100,157014,2,0,0
100,157004,3,0,0
100,157006,4,0,0
100,157005,5,0,0
100,157009,6,0,0
200,157007,1,0,0
200,157001,2,0,0
200,157002,3,0,0
200,157008,4,0,0
300,157002,1,0,0
300,157007,2,0,0
300,157010,3,0,0
300,157009,4,0,0
300,157011,5,0,0
1000,104409,1,0,0
1000,104503,2,0,0
1000,104201,3,0,0
1000,157013,4,0,0
1000,157012,5,0,0
1000,157002,6,0,0
1000,157015,7,0,0
1000,157005,8,1,1
1001,157015,1,0,0
1001,157002,2,0,0
1001,157012,3,0,0
1001,157013,4,0,0
1001,104201,5,0,0
1001,104503,6,0,0
1001,104432,7,1,1
